-6153
11198
-7191
-10520
-8016
-5429
-5297
1691
-1866
5560
-8076
7588
-14310
8304
-2302
1581
-18633
-12041
11141
19238
-2609
5723
16887
16815
-17682
-9965
-3957
13293
-12967
-2773
12048
626
4278
-3055
7475
8805
-4653
17039
5600
-6028
5720
-5074
-1470
5803
-9901
-3277
-11106
-6500
8781
-14047
-5291
-270
-13996
2455
-19138
1894
4037
-12041
-4600
5634
-2621
-17611
386
2683
603
4109
4009
12320
-9953
-16936
7737
-3112
-11515
10541
-4811
8520
3576
13770
4237
6123
-5913
-5643
15276
-3309
1556
-15516
5512
-1222
4104
-2324
-10291
15935
1672
-19638
2001
-5526
172
14171
-4027
15987
3465
-10401
18300
5906
6231
-13874
8096
5503
-8709
7536
4907
4689
6294
-6733
-12390
-7031
-13914
-3713
7979
785
2983
7488
-7596
-3087
2699
12416
1520
-20082
6704
-9892
10127
-3008
14028
6628
1508
-8964
-7518
-19428
-22363
-15731
-9084
2140
2064
-7805
-9602
11521
1482
-3795
-4188
4248
-15781
2037
5210
13200
-5871
-119
7334
15446
-13367
-16565
-4477
-570
4161
1908
-5530
7251
1335
-3536
1000
12046
4732
-3764
-16970
-2530
1692
-4116
4404
-10632
-3404
5046
-15581
4426
1063
14188
-5560
-16296
7025
10312
7174
15450
-13036
-9974
4527
11587
22476
1086
2646
7130
-2467
-246
917
1367
17598
10432
-3452
4475
-7955
-4964
-13166
40
-13318
24925
7770
-13684
-4738
-4911
-17091
9371
-3420
10738
3878
7766
3031
22896
-1081
1119
9478
-3391
-522
2289
-25931
1835
-1378
13790
-3761
16391
2388
-5864
9256
1242
-3454
-885
4644
13286
-2600
6407
1807
6355
1975
3108
-7804
3147
3261
3600
10324
9432
1978
-3785
4797
-1211
-2417
-740
-2983
-2924
3804
-1227
12587
6359
-6558
-467
-3098
2875
19497
16185
4842
-1779
-5588
10839
1236
5560
980
2508
520
2098
863
-1423
-5321
-17057
-4463
-8557
5194
-6970
13992
4796
6567
1279
-10133
-1589
-4388
-11979
3986
-3075
12714
11506
-4767
-10584
-8742
-10
1455
-8570
-8896
4114
-1452
3815
-6187
-18560
642
-449
-6607
4338
752
4547
-22378
4209
-3081
922
10569
-10970
-4510
4954
8411
157
8557
10948
8272
-4448
5655
7927
2887
10953
-14899
15515
5260
-5550
-4839
4671
-6170
8787
-1783
3042
13465
-11282
-8802
12415
1094
26812
2599
1097
-10148
-6728
-14345
-10779
12061
-10846
-4988
14962
5486
5485
-13489
-1805
1764
14069
-6442
-5025
-8149
12385
-818
-20387
239
-10766
6778
-5848
-9058
1285
6048
-3479
10063
534
810
17407
6403
-14655
3353
-876
6052
-8181
-8404
-11596
-1760
-16311
1439
7741
5478
10086
-7615
7571
-2987
11245
805
-13510
-13786
-17153
-13870
-1309
-9534
-25913
16045
-2687
10639
-2910
-1598
-771
-358
19828
-3893
28040
-15997
2752
-13930
4257
-16078
573
-10880
18904
8731
15384
-4622
-11335
-13457
4439
12608
21850
8072
4947
30350
-3133
-8498
-9423
-17745
14201
-15477
-8076
10214
-4172
31551
984
-7329
6422
-6606
-714
247
19014
-10710
6203
13455
-7827
503
-8114
16763
1734
4086
-2169
3735
-4986
-23199
1472
-7908
744
12445
-1281
-13368
-1543
20002
13866
8666
14336
-4306
-10802
-6689
-3139
-14418
1567
-4625
5565
-8564
3517
-11947
2113
-3916
-9639
-3091
2688
-110
344
-10413
3562
1612
10805
15714
3207
-17245
-7606
-5446
-2221
-2893
15543
-17987
12500
5047
5704
4429
1974
-546
-29060
-5807
-153
7365
-853
-1411
-8417
-7358
5965
-12475
8521
-7823
-5456
240
5333
-1632
-6145
-1452
162
7848
6626
-9539
-21276
970
8550
-28497
6250
7208
-1611
6718
5961
-7239
11260
11035
4152
7247
1631
-6029
2499
5290
-3067
2265
-6338
5140
-6968
5844
-2169
7784
-1472
-12404
7372
-11188
2728
4260
-5082
-8731
-6508
-10361
-4636
-8710
-19262
6058
10769
-7448
-9596
-9560
14421
6288
675
-5541
9619
-2152
6106
1904
-275
-9408
18805
-8908
-15259
-2084
-2630
-8344
5536
-3450
3950
12200
-13310
4212
13660
3156
4892
-2200
5711
5807
-3716
6739
-17964
12878
-8644
-1419
-3803
-5476
18998
-4832
843
-187
-6997
-10923
-18464
249
-7830
-6807
-18402
9363
-15767
19561
-19739
2590
-22533
3598
-9398
893
6104
-7423
1409
-8730
11293
9300
-6859
22131
-24187
8556
2153
-3330
5001
8294
29087
-5867
7182
9752
501
1999
10926
-3340
4888
9122
3670
-2135
2365
-18165
6743
14817
-7825
-5386
-6861
-9566
6926
808
-4057
-5654
-7069
6095
-1831
-1192
-700
10639
-2398
-3745
3734
-6433
-1571
-4827
4638
11624
-1443
7954
-630
8362
-5826
-1073
7132
4762
16795
244
-49
9807
-15193
3057
21919
246
-4835
13182
-13819
6317
2131
19897
4545
6165
-16365
15204
-5178
-4838
19897
9688
-1934
-10893
10024
-670
-15753
16358
9302
-175
12326
-2674
2299
-2593
175
-14576
24093
-4039
-12373
-5761
-17842
3689
263
139
14000
2400
6195
-1565
5085
-5302
-4092
-17737
-4486
-11330
-2794
6750
-3007
12757
4092
-2752
7630
3313
-6399
10996
-364
-4719
-1569
2420
-4873
9953
-2816
1968
-154
8394
16120
-16041
1774
12319
-1681
12011
-6096
5584
4662
-3013
-10242
-2244
9836
-4794
10896
-15722
-6243
-11137
3849
5320
7240
-2382
5501
-8150
-2291
-2232
-4915
-9004
2271
5297
3321
2609
-10255
-14549
230
14898
-19324
-1945
-1697
-98
-11798
-6678
-10374
10704
10604
-2136
681
-13076
284
-3768
16039
7159
4967
-4497
-187
29750
14721
592
4231
2049
-1564
-2476
1217
7991
7246
2088
9865
-12560
6025
-15902
-2981
-5660
3959
-21848
-7348
-15365
4054
2238
-1698
-1957
11556
-371
747
-6486
1026
-1831
-1724
-3796
-1988
-984
12617
-5138
9283
2612
13739
-2911
-6890
12124
-26206
-5387
26198
575
-19562
290
3093
6935
12845
-2041
5086
5445
-146
568
-8700
-4971
-9959
2902
-546
-1686
14049
1247
-493
-5215
-16439
-3673
-22423
-5416
95
11905
-7781
2896
-0
-21272
-17666
-1854
11621
-5722
6430
-6886
-10170
-12348
-2177
-6225
3617
-13735
-9273
-11608
-10211
5912
-4341
-5326
1291
9684
18355
14803
12884
-17679
-16279
-587
-6687
10499
-424
1124
8326
-758
5595
-5259
-5837
-6533
1105
-8112
7555
-23362
-4499
5338
-5242
-2796
1185
1034
-10617
4484
16863
7585
-6238
1023
-4904
1136
18306
-5050
8746
-9829
2651
-4959
5179
6687
4441
-948
-10124
-24543
-4255
-13655
8862
3564
-2382
4711
879
-18623
-3803
-10371
-6431
-18677
2913
445
2047
-2250
15795
-2114
-12997
8116
6844
6759
6110
-12272
-7849
-5354
-2171
8113
-12341
-701
-20834
8191
6118
-11319
-331
-6758
24830
26495
5965
17309
-1434
10418
-3324
-11197
15299
3906
-12778
13135
6641
3055
1653
-6957
2159
11351
-13618
-14881
10869
4307
1348
-7589
-10968
8608
-3023
-12961
5274
-6694
10896
13080
-169
2541
319
3682
6533
-8330
10146
1563
-13131
-9394
3588
-12319
-9324
-9541
15025
4585
9098
-5176
2516
3196
3564
-9948
10181
13280
740
-10534
8815
-13339
-4650
7551
3041
17302
1193
12166
8914
-8653
-5099
2589
-1791
-19341
5157
-9377
-13137
10005
-16717
-8667
-24326
13532
935
-6365
8160
314
-1686
4466
-6776
-9721
-5985
-3515
4775
3172
-11480
20884
7012
4845
5779
-11849
-660
-1846
3869
-1244
3271
5382
6474
2274
-24183
4318
10458
13846
-10883
-10707
-4070
-5457
10809
2652
7369
-636
-10692
-21125
-5484
-15560
7366
3533
6201
-170
-7244
-5978
-1168
-7237
-13571
10356
9240
-5202
6266
-2604
14616
4272
3435
-7685
1488
4496
-5627
16851
18014
-6921
5377
16831
-12189
16589
-11930
9381
2645
-4412
-4632
6312
3964
13866
3178
22782
3732
-13903
-1195
-7237
20109
-3949
21466
780
-4930
-11194
-6007
-20401
3813
-1849
21150
22753
-6564
-1538
-546
1650
4218
-405
-1879
-3482
13896
-16940
10367
-8118
10491
-2754
13927
-8207
-13314
8039
925
-3159
-9420
-10842
6346
14881
4247
-461
19526
-122
-2719
-4943
25969
-4529
-39
-1563
11406
-3012
-3851
6001
-4712
-6904
11847
8770
1869
-6174
5115
5713
-5335
-9644
23267
-1069
9604
-11110
5247
-1355
-1774
-10723
-7980
3915
2565
10542
-22924
9338
37
-8761
-4158
-7686
12810
6293
11149
-3861
7409
1545
10796
-401
4194
6131
-4902
613
-2916
3297
9536
-1972
-5664
15556
2153
-3574
4059
-1252
-8405
-1713
-2278
-8876
12615
4177
2625
7212
1298
5175
15810
16472
-11895
-12273
-9149
4450
-16134
-16910
67
-19095
-3572
1096
-1334
1328
1244
-3862
6583
4991
3232
682
-4150
3942
16071
3481
15157
-1970
4631
-7978
2447
328
-28923
524
9883
-13590
1966
7996
5909
6313
-16563
-6555
9683
12909
2662
13030
13284
17992
21017
-25109
-11494
-7397
9330
-7953
8688
9412
-277
-3398
-4242
-3084
13326
9178
-7788
-17069
17053
7200
-3079
12776
-1621
-2770
18867
17358
674
11605
18092
495
-3022
6677
-897
4004
15042
10331
-5419
-28477
-6231
1066
-3948
5901
14045
-7943
17680
18984
23574
-13513
-9924
-23708
-4667
-11635
-3413
-6669
15880
-424
-7099
83
7355
-10328
7019
14459
2666
16292
-6253
-1457
-19258
-3894
14457
-5940
13378
11928
15244
-13519
9509
3238
-9029
-9245
-9596
-901
-23507
-6211
-9776
7546
1961
16649
-7401
3707
-8856
553
5748
19403
-11449
-5309
-4858
-21243
-27664
-133
-9574
-5466
4775
-4495
-5471
2624
-2583
5818
-119
723
-3520
-4749
-6391
8315
10670
19534
-13480
10624
12798
-5641
-9932
2905
-11870
-1917
-8120
9672
-193
17263
8651
-563
10741
-6394
2069
8014
-3249
-22000
-89
-531
2182
-12609
-7101
-15886
5968
6849
-7493
5380
-8947
-23659
-12589
12724
9380
-6162
15082
9030
-3262
-1392
3915
-14815
-6892
-8925
-9068
4525
987
-4143
3511
-8643
-14409
-1127
-11067
-9841
8739
-14050
8509
-6285
-22973
2150
11073
18320
-6740
-11780
4207
8090
14419
3201
10323
9441
-2035
2678
112
5466
3535
232
10205
102
5714
-5491
-16831
12244
6427
-10236
1059
10515
-4050
-11911
3089
-9811
4752
1923
7749
-16277
-14677
3707
-4954
-12282
-4399
5326
-4670
17340
9601
24706
3891
-3323
5821
-7141
-3751
575
3660
18905
-14089
8630
15843
2762
13067
-8241
13372
-6123
11980
-19306
-11646
25476
3934
-3093
-8746
2805
-16207
-5364
-8070
4629
4828
4426
14713
5451
2896
-2575
15518
-8706
16569
-4587
1331
5633
-6328
-13126
268
6270
10182
-2426
13328
-449
4488
1839
-17789
-10238
16749
4647
5522
-5218
1206
5109
1544
-6273
-2933
-18678
23947
24736
-22937
5873
-4362
3603
-2829
3052
-5679
-6824
14108
13514
3619
-6173
12736
1594
7021
-8729
13993
-3691
3346
4556
4969
-6300
6936
9253
2167
-13797
-11528
-7073
-11757
-16184
4895
-15383
-14001
6410
16575
2586
21112
-8823
18714
-9421
7410
9203
3873
-295
20219
-6555
22990
3622
15018
-13968
5610
1985
-334
-11079
-9635
-8192
-10783
12010
50
-18369
14658
1028
12057
458
-2051
12362
-10834
12432
19450
-2432
-10867
8260
-9541
16426
-4643
-5531
10415
22418
1697
11864
-3974
16771
-5399
-9132
18304
-1138
7703
3580
4541
-11470
24115
12207
1368
14476
-9543
2005
-3001
2889
-7485
13187
-12304
-10941
-13409
-4470
-2567
16796
-7223
4391
410
-2582
-6315
-7919
-12930
3785
979
-1336
7631
-6663
15556
5159
7747
-4676
-4202
-1065
14914
8541
-417
3188
10688
14199
5088
9289
-1545
8388
3112
772
15582
2709
9747
-20007
1464
5227
15296
-2924
16514
-5920
-9014
7914
10399
17153
-11980
-3026
-12883
-4605
9778
8687
-1281
-2949
3872
696
1466
1805
-1937
6734
-7566
3940
8967
-22552
10637
-16398
1500
3307
-5306
14738
4471
-3362
7691
-12362
2213
-21435
1660
-13555
3762
4516
492
4365
4776
8286
1400
-1526
-3222
5712
1784
-9499
1654
9005
-8970
8872
9653
-10
-7900
-5961
10475
-11879
-1918
2749
-7039
1059
5056
-3879
-439
-174
11497
4154
-1422
7357
-711
644
3428
-9199
6615
4830
14418
-16974
-1393
17237
4126
11007
-2752
6621
15681
-14843
7814
8787
-6330
-11040
-11990
15103
-14287
13557
13533
-9026
-4384
17691
2810
-1396
272
2286
-2027
-9359
-12201
-14704
-21631
1870
9945
-5436
-8398
-1755
2370
-2523
2406
32767
11444
3656
-522
3666
-8396
22057
-9758
9490
6383
8970
-7985
-13186
-2799
8704
-1204
11678
-1141
2361
14180
5778
-8363
-1118
-6755
756
-3892
-11586
6234
3795
13422
-8247
6858
11244
3875
-12440
-5698
-716
1332
-786
-1110
1844
12050
8576
4064
2562
13929
2600
3531
-7659
8568
-15351
-18936
-15589
2651
-4884
-4789
-18001
-10518
8088
396
-11703
1014
19546
20346
-1844
-2396
7822
-9363
-2161
-10944
4465
-2220
1847
12145
4635
-1861
-6609
9067
-17850
11300
2683
12119
2421
-8224
-6120
421
21402
-14070
420
-2695
16491
10975
-2354
-5397
-22431
-11214
-4399
1506
9151
-8037
22147
5332
13891
29524
-1949
305
731
-4666
-9475
-4347
7518
5310
7430
821
-8723
1925
-3480
-5503
7422
-2176
-1336
9764
7096
-11357
-11556
-7225
-12560
-152
13067
8082
1361
-11955
-15154
7858
-11790
1371
11470
-5571
-16394
-14547
-5442
11738
-9493
-12886
-23328
8882
-5265
-3077
-13482
-2803
-1950
-577
-2128
-12132
3686
-4244
-2185
-6875
-3993
4229
617
-3114
-1053
-9382
4831
-6929
21093
242
22
-8262
-3376
-945
16650
-7733
-7483
7374
8626
-4813
-8827
-2563
3725
16265
20513
2406
-5686
3297
11552
-9790
-5957
13633
-6939
7063
-14538
6707
-6951
15263
-4011
-555
21035
-4298
-10247
4033
3811
-10974
-1454
7618
7991
4364
4664
6506
8239
1223
10694
-10750
-1922
-5771
-1151
-71
6146
-59
2198
4524
-1608
-12269
-4834
-6030
-5451
867
3005
1
-5858
4681
-11525
-27907
-469
6306
-18082
-13473
-3377
4604
-14084
-14702
-1129
7923
5611
-8000
3263
-2125
7453
-7687
882
-19168
-8780
-488
-11700
3745
625
5517
-2514
27643
814
-176
8961
2307
-3409
-328
-17296
-3646
-11408
-1236
-9409
355
-15789
1887
-4302
1297
10259
-2088
2128
-6235
21974
8652
-7081
-50
9516
6701
8857
-1304
6849
24110
-1722
1069
-4946
-1643
-1353
15992
-10642
12522
2311
2884
-6678
-16823
-4961
-9569
3795
13129
1829
1103
2237
-5305
-3303
3809
7264
-6160
-5884
5579
-3417
-16041
-12845
-1249
2940
10874
4191
-5490
9600
-6965
-1498
-2851
-3169
-12291
-2063
-10044
7667
112
10049
10323
-1746
8116
4873
-9214
933
6373
-5793
-18059
-6245
8946
11914
5556
-15908
6843
711
8020
6224
3927
12700
6876
5811
5300
10529
-5800
-9107
11996
1311
1976
4074
-14604
13344
-26717
6940
997
10511
-5872
-5594
251
7220
1281
4961
-1837
14922
7439
-5079
3884
2544
7982
-9336
-9258
-6013
-6485
7409
-13398
3598
1086
-2455
-17114
4427
-4905
-4424
-4297
4868
-13583
1980
-26252
23173
1715
-6776
-15479
6891
14642
-13488
4904
-2547
15533
10706
5790
9073
-12362
3280
7429
4950
1033
6091
6483
-15666
2015
-9404
9878
-9909
-9556
-9077
-2187
2124
1842
20069
-5781
-1233
3893
2306
6709
-10406
-394
4198
-12669
-8370
-18410
-1024
-17952
4696
-8755
-6521
-1398
-15397
-11177
-19479
8848
2053
-4080
-3368
-1578
11559
-4040
3899
3683
-14005
189
8011
-12750
4378
-26008
-10453
-11422
-861
9145
-3334
-10696
5786
252
-6619
13539
18881
-8293
-3212
1534
17101
-5523
2755
-6528
-2685
13409
-9739
-11315
773
-17805
-5591
-4672
-5173
4558
-17422
-3942
6363
-12604
4185
2487
-12849
-9226
4478
-1472
-697
8482
-19896
19273
-4596
-10387
-1234
2425
-2702
-3585
993
9584
-2240
14067
4241
-9550
-6672
-3683
2761
10057
21601
-4643
-624
3632
980
-4214
-8227
5692
-11464
15859
17568
7081
-222
6135
-4271
4290
3081
-6059
-5469
-4343
-1899
1268
-19322
3210
-9633
-1149
-2473
-5506
-3071
-13623
-12795
2895
3229
-5742
-6909
-11305
24526
-5861
1163
968
-5365
-4582
21408
1933
6092
-260
3559
2389
-10837
-6207
-1147
-2369
-4421
-11401
13409
-2942
-6666
-2685
5639
-14264
-8603
8883
6284
5349
7988
-24559
3477
12689
-10945
-4991
881
-4906
4251
-23681
-17086
4113
13099
13927
13567
-9131
-15170
-12124
1157
5906
1031
8678
-4687
8813
-14779
-14132
-3177
1429
30788
-4893
-3620
-2514
-6096
-11293
476
-4857
15119
8181
12801
-14101
1571
-17439
9783
-16903
-8949
-2713
-2913
-8038
-10987
-7483
-5253
29483
-13934
11233
-11055
-13472
-5206
-5625
-1143
12276
5163
-3544
-536
10270
6985
-6386
-6586
11873
-5489
-735
-6225
18805
47
354
-8620
342
-3207
-9108
-15070
576
12789
12095
-32
4181
-1619
-9054
-13638
6114
11086
-12316
-2709
3829
-6775
3990
5800
3965
10770
12572
963
13091
-974
3848
11567
4927
-7360
3554
-5818
-6610
3588
-17782
-182
9262
-2651
-16283
-1036
11053
6305
3166
-9803
-8296
-353
20095
-9071
3329
-339
-17551
18744
-5550
6058
6489
1721
4231
-7865
-5863
3976
-3084
5138
14106
-10569
14238
-1464
20805
2894
11194
396
481
-7047
-5098
-6561
-12080
-27312
-8727
-9547
13316
-18142
-9202
5265
13825
-4159
-13446
5770
4469
-3881
-504
4567
-2913
7460
11719
6835
-6602
22019
-649
2707
4083
7864
-6065
-1522
10243
6418
9531
16573
-9555
-9049
4365
7987
2491
5970
-5630
-6165
-82
-3030
1079
3554
-11431
-373
19382
-5848
-13407
4216
202
-9231
23864
-839
8100
-5530
-15402
-5221
-3298
9586
-6685
-2325
7544
2015
-6127
-13842
10025
10160
10334
9428
9091
7588
-9944
-4924
4641
15077
5856
-8395
8300
13939
-4835
-9457
-5310
7763
12054
3703
-14201
-2860
-12355
19082
10923
321
-1834
-11194
-4043
-14054
7250
727
-10622
-9994
-6578
-2236
-5559
-7148
3497
-13475
-702
16046
3872
-9351
-16330
-5127
5433
-13324
9275
-10410
-20823
11284
13501
-16009
-5477
14050
-8397
-10191
4723
12825
-10945
375
5192
-16838
-11417
21003
-6800
-11724
2312
-1659
-15233
3069
-4312
-5770
11377
-19997
7654
8230
15369
-15764
-6523
-11689
15036
15668
2154
-8008
-12896
1232
-4874
-5613
-9494
-12441
-1009
177
331
8407
6643
5543
2626
-726
10202
8260
-8059
12593
-15973
1794
2591
15810
-3597
-13315
2973
-23932
-1277
14758
2001
-6663
11373
16114
5251
-7042
-41
24281
4551
3575
3806
-6177
-8346
5488
-4069
-3070
5623
7597
-8232
7004
-4498
2424
13940
1471
-766
4292
36
-861
5241
18495
-574
-10783
1102
-5265
-11293
13258
-15744
3241
-189
-9745
-5059
-19206
1841
12258
-13606
-16503
283
6977
6532
-4114
-9409
-3621
-2853
21687
-3559
-9728
946
12320
9362
3311
-753
5422
-12167
-3206
5112
27070
-9922
-2261
-26430
-780
-11026
10487
5033
-21211
-9761
17703
-2544
985
11362
13709
-2659
-6931
1272
-3565
-17878
4079
-5442
2654
2991
6261
1643
-5614
-15781
-7974
-4259
6608
7461
-7580
-16326
-8379
1130
3672
546
-4576
2885
-3977
1643
14338
5412
2258
-2562
8042
19128
11698
1520
-3735
-8304
-2710
-5264
-1745
1294
-9308
-9839
-4421
-6265
-98
-85
13229
10134
-1531
12660
-9181
1988
-1695
19610
15369
-10404
-2098
-8089
660
5211
-20575
-12251
6106
13178
2735
5436
-4157
11321
6739
2576
-8840
7965
10265
6851
11228
-4878
6653
-6065
7770
-18024
5779
-253
-12529
8765
-4780
18147
-6869
11817
11058
-6844
26879
16415
-1513
-6928
-11939
15655
-9649
22790
-1396
9942
13714
-12752
823
4675
-4252
-21099
-8797
14522
-20385
-17390
3745
427
-48
-4275
2842
8576
-6294
14535
-2613
48
4039
-9486
8999
5163
2150
-10247
8533
-4063
8527
-21406
-5639
1654
5936
-207
18125
20616
-634
8009
-186
8243
-13008
-10175
10681
9787
-5098
3327
-4127
-6057
-1853
-6088
-20062
-1381
4923
3741
1788
-3613
-5393
12404
2352
-7717
-3267
6627
-6640
-11298
-10203
9907
3223
-1016
7805
676
-2493
-16860
3375
-3138
1925
27368
-9691
11290
6091
-10713
10210
13502
2389
5586
-12883
11553
-2497
-26126
6101
10166
17618
-17481
-20091
1268
-1272
8096
14904
10739
6423
18217
-7091
-18256
6487
-6453
-1926
3411
429
-2836
-13794
612
-12457
11165
5113
-17498
12314
10119
-13474
-9484
-494
-4440
1837
3834
6302
-13540
14848
-6497
15770
9198
1355
1720
-8337
-4950
-15817
-6466
-9766
200
4284
-14378
-3432
-13695
226
3725
3229
10306
-3093
2683
-8357
-17524
-3360
-22440
17064
7058
-16714
2981
-3512
15876
-223
11139
-1516
-4942
-6648
-17356
-3676
1017
-893
13447
-6440
-6220
-10723
2336
-7365
-9639
10892
-3183
3457
-13645
-8295
-19364
8133
-16471
520
-23864
-6044
11237
2358
13858
3260
-17467
-2252
-10520
-3047
-984
1763
-2298
933
-1740
138
-8424
-18595
7409
-2175
2956
1822
16250
8386
-1482
-4993
2858
5092
3081
11758
12382
4812
4257
-7740
9529
7915
18948
11016
2953
-11051
-3570
20146
14731
2202
300
-3336
1085
2710
-18106
8493
-15213
-12886
-1121
4258
-15397
-17669
16103
6814
14820
-933
-2549
-3715
1432
1900
9699
3239
2274
-4337
-7183
-5516
-4120
5227
4992
756
-5991
-19240
5254
19374
-22888
-3877
8661
5120
-3044
1938
3667
7425
-414
-919
-4832
-5439
-12770
6055
4050
5001
-13767
-1426
-7122
852
25387
-8
-892
11890
10377
-5439
15000
14316
-10017
797
5515
-3161
-827
7369
-12267
-4260
2776
-8694
15253
4720
10814
437
-12436
18915
5289
1528
10857
26446
1127
3122
19772
2540
-21765
3205
1309
-3962
-20936
7694
13129
9500
-13836
-7327
10236
-2638
-4052
-20459
-12171
-14211
-3577
7461
9132
12307
-1806
3840
-503
-21928
-9856
-7007
8552
5464
-8671
2351
5143
-4589
-3181
2271
-8396
16469
17438
7536
-9187
2214
6932
7077
-4481
8469
-5644
1892
8327
11934
-6352
1548
-2135
-2132
14563
6236
21594
-9392
-5946
-14658
-6053
-4213
4071
-1214
2546
-15093
-11395
-3042
-1197
-3473
15253
-8851
-5179
-9593
-4082
-4548
1535
-13953
-3195
8300
7865
-14000
-9208
-5519
1697
-7997
666
-9428
10259
-2612
6831
-16058
-7932
-5618
4628
4622
17389
-6758
5594
2349
1507
6618
-8694
-7779
-1513
6511
-7407
-2535
-67
4530
-6118
16722
14220
-12183
5707
-2571
3666
-657
1320
-8574
10296
-17250
1323
-297
11504
-377
8696
-2522
-8099
10054
-3146
-44
2201
3831
1655
-3202
-7291
3418
12691
-5647
-1095
8908
1117
1972
-6005
1706
5504
-9882
21137
-10322
6303
-5152
-6822
-3498
-7898
-1267
-6686
9074
12193
7583
13191
-10399
-8958
-8504
-1835
-7396
5324
20434
3947
-3701
-16857
-7408
26083
-5210
3847
12431
3534
-4165
-6307
10377
-6260
-4506
-2875
15103
7835
-9789
-5434
9284
9167
-22145
10509
3613
-497
8680
-19017
-4615
-13300
4144
-1652
-150
-8111
8245
-13790
-6656
3417
8596
981
6240
-10431
-14070
-11466
0
9672
-5690
-2591
-8628
-10666
9604
-10575
16266
-10694
-1485
-9037
9156
-298
15516
-13464
-54
7946
14760
1675
-10019
12113
9543
1871
-168
20086
-14617
-7907
23
-4085
-7889
-8360
10072
-5217
-122
6292
6706
-6777
-13207
-989
-904
12784
-5596
-3597
-6079
-8474
-8811
-2631
-10107
5149
4041
-14418
14400
-2485
6129
3023
-6131
5757
12352
5815
-5010
-2298
22726
10122
834
-12852
9376
-6329
10254
2219
-18269
8680
7281
5872
-14404
-10106
10558
6355
-3573
-2861
1174
3017
-3753
-15024
-4580
16368
-8419
-6692
-16092
-1055
-6861
1749
1667
-793
5376
26
1779
-6779
10538
50
7925
-1586
92
-21525
-233
-7684
-15234
-1855
3874
-4389
-11148
8597
17953
9364
-5069
9273
-11983
-2840
13211
-7421
-3086
4742
9028
-3814
-10276
-3190
11718
2361
12078
-5383
-12346
-1645
-8716
426
636
-9726
-5830
-11732
-1373
-6252
1913
9694
-263
-18285
9070
17701
-8222
-1404
5370
-4214
2784
11904
-17238
-1994
-5432
22111
2070
-6139
3941
3903
5929
17667
10761
13555
-8074
-12245
-9563
-10004
3393
4810
615
-10538
-3496
8381
5368
-2270
6473
-9554
-13933
978
-7788
-287
6798
3280
911
-587
-4292
4106
-1866
-2838
25455
-11968
-5569
-3200
12381
3299
9511
-2506
11572
3536
10741
7093
2433
-1583
-13060
1997
1710
3338
-1845
1125
-5665
5478
-17421
14020
-9282
-7063
5464
15759
12976
-6327
9713
8887
4849
7846
14390
-1052
-4981
-4133
-17751
-5246
-3811
3033
11617
4981
-4147
2659
2250
-9374
11996
-10315
8344
-13648
-12321
6217
1002
-1812
11095
-5426
8021
13693
8586
-8023
-2562
6206
11904
3047
7681
4903
-5580
1109
550
4846
11251
3946
20025
8916
-2347
3221
20260
2674
3929
2255
-3719
-6495
-2056
-14882
7878
5297
-3035
-4520
12030
4120
9746
-7167
-7920
3366
-9692
11308
-224
1562
-14214
5056
-11935
-11595
6821
6284
8862
359
1509
3683
2593
-1542
2650
2581
4462
-9573
11914
6358
10264
7508
9417
-2530
4918
5412
11196
14006
7335
2836
-1174
3241
-7830
6118
-9859
3425
2730
-1396
8989
879
-169
-3527
-16662
-5062
-11906
1472
5524
12487
8344
-9723
7447
1810
-11582
-13106
-3735
5630
6241
11979
7701
-5650
4218
-4990
3821
-14557
7009
-19609
-846
11927
-12244
-14961
10850
2265
-17040
13867
2081
1512
11910
14850
-18046
-2508
-6275
-1351
-9968
-21754
-2828
17138
20602
7644
-17867
-15561
-11111
-19254
5951
1776
-3458
3989
8741
-9773
-10490
-5972
-1858
-5798
6978
-6783
9982
17249
646
-1276
-8430
-11204
7414
-9247
2112
-36
-9949
19771
-7458
5687
27098
6149
-12062
-9280
1778
7933
-3371
3571
1973
-20533
14789
-3760
-6021
13004
-590
-1854
4458
-8465
999
4156
1226
6598
1285
4092
8657
-12282
-6413
6488
-13606
-11373
10076
-2276
-4450
5886
11716
-18180
3732
3407
14201
-3461
4600
-14167
-24020
9677
-22901
-5194
-18035
-433
12988
14775
-4943
9007
4128
13729
-1717
-17356
16282
3236
-4749
-15650
-24229
-3771
-6014
-639
4092
-593
-2766
7698
-7971
9211
18646
1395
9692
-6196
4226
-3369
-145
-4131
8354
-2784
-662
6247
-12301
135
14806
5277
-6190
10183
20258
15745
11800
-5309
-3582
2002
-2226
-1102
6934
-10019
6284
3667
15542
12562
-1006
9688
-2737
-9995
-22122
-6991
1597
-8810
10826
-12474
14377
10833
-7203
6889
7173
-6969
-1777
9004
-6237
-15436
-4616
-17763
-4356
-7613
-10358
12705
-4075
965
336
-2364
5115
-6591
12090
-12967
4715
-4979
-4015
-3555
4092
-9972
-5725
-4841
-10040
-1065
-11411
13048
7284
921
2254
13684
5304
3246
-9264
-2076
1389
1588
11420
-5557
4792
-8417
-3431
18211
-5071
-5251
-1674
-11325
-4523
4467
2114
18979
1004
1643
6389
-12938
9737
-9916
-2187
-6040
1062
1229
-4815
14905
7412
2773
-1674
2464
-1976
-1967
417
-7259
-15129
428
-27457
-1738
