     0
     0
    -8
     3
     8
    -7
   -33
   -39
     0
    71
    86
    -7
  -164
  -187
     8
   312
   379
     4
  -600
  -822
  -229
   792
  1028
  -599
 -3932
 -7301
 -8608
 -6931
 -3403
  -314
   685
  -121
 -1109
 -1078
  -405
  -622
 -2683
 -5690
 -7249
 -5205
   479
  7437
 12330
 12824
  8910
  2724
 -2914
 -5886
 -5650
 -3115
    95
  2447
  3221
  2743
  2047
  2276
  3724
  5713
  6913
  6373
  4259
  1756
    64
  -590
 -1006
 -2120
 -4004
 -5712
 -6212
 -5323
 -4023
 -3556
 -4423
 -6053
 -7356
 -7524
 -6477
 -4679
 -2841
 -1713
 -1901
 -3396
 -5353
 -6207
 -4601
  -690
  3694
  6027
  4917
  1113
 -3088
 -5562
 -5685
 -4221
 -2150
   204
  2967
  5828
  7696
  7579
  5496
  2747
   892
   490
   806
   563
  -745
 -2472
 -3292
 -2374
  -112
  2066
  2498
   526
 -2862
 -5554
 -5593
 -2550
  1984
  5609
  6788
  5874
  4538
  4211
  4817
  5085
  3894
  1396
  -930
 -1446
   509
  3865
  6446
  6054
  1910
 -4581
-10325
-12198
 -9054
 -2804
  2817
  4845
  3117
   207
  -990
   326
  2412
  2709
   245
 -3438
 -5459
 -3909
   753
  6139
  9252
  8060
  2338
 -6165
-14330
-18976
-18565
-14025
 -8168
 -3780
 -1814
 -1278
  -760
   115
   508
  -387
 -2233
 -3684
 -3494
 -1532
  1400
  4220
  6056
  6136
  3905
  -443
 -5293
 -8131
 -7250
 -3248
  1078
  2943
  1818
  -189
  -351
  2034
  4864
  5155
  1742
 -3446
 -6930
 -6528
 -3210
  -246
  -315
 -3104
 -5660
 -5126
 -1557
  2075
  2692
   133
 -2510
 -1808
  2498
  7023
  7693
  3683
 -1603
 -3264
   728
  7781
 12833
 12410
  7103
   769
 -2661
 -1711
  2344
  6933
  9721
  9413
  5687
  -497
 -6864
-10431
 -9084
 -3364
  3330
  6816
  4826
 -1235
 -7388
 -9848
 -7516
 -2228
  3119
  6562
  7883
  7985
  7774
  7595
  7265
  6310
  4156
   585
 -3800
 -7351
 -8175
 -5392
  -101
  5209
  8091
  7660
  4923
  1811
   -82
  -220
   904
  2440
  3694
  4442
  4813
  4956
  4693
  3653
  1748
  -329
 -1254
    -1
  3106
  6376
  7794
  6612
  3824
  1300
    24
  -499
 -1351
 -2686
 -3214
 -1458
  2352
  5813
  6105
  2700
 -1677
 -3011
   628
  7181
 12145
 12175
  7721
  2387
  -229
   699
  3124
  4448
  3847
  2387
  1458
  1114
    89
 -2651
 -6554
 -9612
 -9800
 -6636
 -1437
  3646
  6802
  7245
  5071
   946
 -3853
 -7498
 -8177
 -5174
   183
  5045
  6686
  4406
  -209
 -4524
 -6697
 -6584
 -5103
 -3203
 -1416
  -298
  -586
 -2701
 -5761
 -7734
 -6813
 -3236
   533
  1727
  -438
 -3926
 -5702
 -4368
 -1203
  1121
   993
  -706
 -1614
   -48
  3539
  7002
  8429
  7557
  5590
  4067
  3574
  3746
  3993
  4055
  3871
  3233
  1781
  -409
 -2300
 -2329
    31
  3414
  5188
  3609
  -295
 -3103
 -1710
  3908
 10258
 12824
  9375
  1501
 -6678
-11490
-11605
 -8091
 -3141
  1309
  3988
  4412
  2974
   767
  -888
 -1139
  -230
   831
  1122
   319
 -1198
 -2876
 -4381
 -5476
 -5918
 -5491
 -4280
 -2813
 -1693
  -959
    -4
  1808
  4337
  6508
  6942
  5183
  2197
  -228
  -952
  -485
  -723
 -3202
 -7375
-10683
-10402
 -6032
   122
  4620
  5681
  4310
  2911
  2906
  3325
  2102
 -1813
 -7338
-12236
-14775
-14742
-12734
 -9274
 -4758
  -147
  2879
  3086
  1088
  -672
   182
  3863
  8088
  9940
  7994
  3057
 -2825
 -7760
-10229
 -9147
 -4161
  3314
  9762
 11402
  6851
 -1261
 -7634
 -7798
 -1203
  8633
 16561
 18953
 15506
  8592
  1304
 -4282
 -7565
 -8877
 -8428
 -6021
 -1547
  4083
  8797
 10280
  7732
  2584
 -2077
 -3576
 -1397
  2643
  5876
  6550
  4669
  1595
  -869
 -1356
   482
  3784
  6501
  6295
  2229
 -4235
 -9574
-10600
 -6929
 -1433
  1895
  1249
 -1436
 -2174
  1584
  8498
 14179
 14446
  8618
  -196
 -7488
-10373
 -9046
 -5739
 -2732
 -1063
  -686
 -1275
 -2619
 -4390
 -5611
 -5316
 -3413
 -1186
  -458
 -1824
 -3695
 -3291
   707
  6476
  9945
  7978
  1197
 -6179
 -9587
 -7719
 -3076
   538
  1556
  1530
  2893
  5788
  7527
  5082
 -1589
 -8796
-11915
 -9206
 -3190
  1586
  2223
  -701
 -4161
 -5625
 -4770
 -2950
 -1548
 -1028
 -1082
 -1383
 -1740
 -1863
 -1212
   334
  1993
  2302
   230
 -3744
 -7745
 -9546
 -8162
 -4375
  -201
  2516
  3174
  2672
  2620
  3923
  6152
  7715
  7210
  4652
  1572
  -233
  -156
   778
   963
  -149
 -1576
 -1827
  -404
  1624
  2513
  1313
 -1197
 -3314
 -3719
 -2435
  -691
